103602
9661
195189
541331
59231
186646
110017
629857
149402
38730
71477
63710
34357
52443
105192
109494
22795
27238
162263
436056
388672
31722
76133
598811
93158
120002
63198
503143
53468
698803
9240
28789
183125
44893
419178
46720
259706
560945
134732
88261
52476
8433
285090
355485
27430
42268
114851
24883
715391
39700
119180
6405
511751
599513
480816
143944
23916
60446
493956
228301
259210
300652
579711
24379
42670
647175
579237
455615
201096
25812
45942
481418
188786
71108
251466
734761
72405
310462
26611
44
11440
590303
637907
149319
169036
62709
460880
26461
50530
77387
582441
202965
18392
546607
17140
593111
11262
543067
67934
705303
8199
32610
585489
299482
41130
185531
516425
646919
732015
132635
265764
73022
506155
52145
54964
141884
111503
601535
9588
628721
450499
30438
63090
5650
681179
151127
57152
58812
61481
340680
192886
713161
167106
197107
110969
116114
205117
154899
363087
17491
528953
91162
50655
112786
105001
10701
133264
246338
112013
638079
48449
56896
595649
91644
232868
4269
726591
609853
38024
283110
500620
155777
61137
714159
106350
297772
365393
79096
609647
43162
28886
513087
287904
112624
45591
74394
533885
166332
80315
574193
199777
140252
571013
124888
695915
95476
144735
32147
700461
83093
92898
34345
642841
47867
364603
210884
35775
107106
546449
673577
89702
101203
116054
233968
80342
97708
558063
46874
466428
711537
633693
80568
706469
434748
327160
184264
562639
674385
551755
658423
50231
529585
577047
22656
180955
63639
408994
79929
441216
10715
40061
5562
302966
429376
710957
516809
461056
705321
518485
156877
498276
113929
695809
711277
592585
569469
277488
635019
293938
652685
45896
101163
312352
440410
20196
653865
660835
40486
270832
225739
27801
182901
497918
194468
26155
706209
538905
19766
56010
515529
53676
297140
77181
316008
578239
87530
79111
49815
209980
653039
448324
20183
607583
59341
146418
298118
602751
527073
724885
95939
383348
631297
65328
198564
259930
503345
132909
344958
163080
504597
120009
132325
381718
671793
650025
55320
504807
582671
650847
80310
579853
381052
175866
214719
137711
137590
115838
375800
5882
89715
658265
44658
550181
1160
211342
24898
455293
47390
150800
570565
595253
90962
4731
727647
44568
448772
675623
127079
400400
295248
499694
358045
682745
736459
559647
75511
144437
28889
428058
228067
284240
491428
314354
107972
567383
445246
680291
591331
737673
559017
572551
661413
246924
734137
21940
620453
367825
706287
605287
686665
244050
650793
502797
17479
338274
59859
65999
305366
119256
658121
635521
308102
594143
173245
225609
50389
581685
614835
664885
729391
516819
174464
138773
7103
156495
147942
15269
135685
626487
632519
642947
184505
514925
95254
604897
651485
492280
719299
727365
551307
18270
306696
43986
5558
542165
492456
594135
126440
649811
12645
572465
506973
15028
592349
555539
561287
52279
695179
89601
208132
532705
702745
735989
177338
125771
569305
664209
463084
605309
406042
665391
194693
102276
670
70275
692353
15411
554859
691769
664411
334344
432638
60689
705029
392464
497406
730699
99529
405694
724057
93033
418940
189746
678897
202590
486434
721455
112691
35118
305724
619613
126900
724643
521381
165467
571533
655267
618441
167121
210725
104989
523415
601007
625839
640255
565909
693055
702425
453753
521153
33887
690851
335624
722799
89576
479596
593687
37500
146241
728217
222045
710143
289340
375628
538301
683761
510791
575739
42491
515701
138359
365109
677713
606999
68987
486442
533673
133086
256062
728109
19296
718827
393190
499510
737205
235806
640343
15435
535127
587719
615603
708399
193922
124309
313468
606003
713641
645469
187990
485460
488018
732363
593529
211086
347226
161316
44106
129827
412938
668119
589763
212297
104961
236776
611539
3291
510583
106553
154496
637117
704455
587535
693507
424370
81130
464458
639043
628197
540575
733921
42044
104128
482266
612345
119018
354757
505889
157125
173233
100893
580603
629125
709045
41712
50248
452105
501105
636313
102380
499794
721467
88604
228859
332194
608611
627697
162183
653319
688143
701797
380302
499822
657493
10048
569087
533753
55715
605323
660139
236876
723479
452031
297864
704601
370075
570513
659935
480528
617931
448620
718773
717919
5568
632273
644059
145751
600523
168521
56455
665013
12627
89946
63859
89668
174162
670693
541283
663933
730079
57814
136313
441946
733263
80772
612395
698233
514803
19322
630045
495588
624773
669673
675241
224507
682829
210543
227371
281482
448178
46374
263334
105276
644561
714067
234510
304564
513607
563407
733655
420740
535279
602535
680021
696051
163817
30632
204723
75936
91973
689911
709469
6392
212313
472522
692343
664087
673257
737027
367021
473310
448652
548537
198955
181793
35523
568011
437890
711197
732833
190975
351303
355477
672121
81488
567199
587773
605893
636913
23094
193956
51132
285930
669691
312174
82912
554649
629953
696873
479900
730637
207696
647417
656791
154786
16424
28236
71195
29751
268166
343096
506117
661279
104941
458188
476882
537229
659323
686691
728101
3067
643811
126974
575427
598443
3266
706323
719455
79990
88324
718307
75459
395090
726093
188751
59640
65164
102168
527363
724075
16609
405148
458302
599935
676831
281226
485068
524273
609143
75776
266164
392838
672333
676443
572055
641403
721643
7569
221425
303676
654913
474482
570815
687379
14661
702921
706275
478002
699397
666767
474824
4281
733427
32941
315578
626793
658959
667381
200618
715367
503237
691151
643825
649717
705423
715937
550959
612473
705295
534651
534769
717389
197111
53776
457518
622139
167475
196399
274738
476932
593519
654193
576431
616957
719317
733445
357499
458344
541895
640603
728099
37312
123439
644143
676025
694481
716911
214079
518245
660733
686369
700981
708523
48199
702427
611137
675233
733863
50686
148630
520717
123796
144777
532623
623701
8747
95198
467158
332744
521129
557961
731029
30913
459678
629565
642679
691569
211223
212481
435568
651457
358541
412350
586077
693395
14790
146312
422152
563293
714807
736197
569351
651083
49275
73738
253824
658761
695107
206718
500983
522991
671687
715413
725855
184639
110369
620705
632367
650089
726791
107988
584807
630379
509809
547973
662167
663509
400112
522177
550853
586851
655683
706273
713997
720201
454315
656271
703683
228311
389332
613755
252398
503155
535523
551763
589999
412948
522603
696639
733303
129036
242578
587669
631091
731049
732047
431486
613931
729799
525877
641139
684997
697161
736755
104076
548581
606037
622469
664649
670571
701673
716349
43346
390514
404576
444800
554219
563695
155661
322790
633203
185736
503957
706457
66030
86879
336760
409224
448258
553383
94439
109980
398938
710251
562561
666761
669665
671709
133304
640643
656547
96152
309112
398062
528581
534577
679519
727903
205469
671611
715983
33965
523087
571239
653401
681473
506341
588655
638909
642993
670019
